v 0.992675 1.944334 2.953123
v 0.990721 1.949216 2.929685
v 0.819335 2.058592 2.955075
v 0.818847 2.056638 2.978513
v 1.213867 1.607421 2.761715
v -0.001538 2.134764 2.921873
v 1.222655 1.573241 2.757809
v 1.222655 1.574217 2.736326
v -0.001518 2.138670 2.898435
v -0.819335 2.214842 2.863279
v -0.819823 2.216794 2.839841
v 1.210937 1.616209 2.740232
v -0.000016 2.335936 1.218749
v -0.867675 2.371092 1.149413
v -0.868163 2.371092 1.132811
v -0.000002 2.337888 1.202147
v 0.868651 2.300780 1.269531
v 0.868651 2.298826 1.285155
v 0.870117 2.298826 1.284179
v 1.032225 2.226560 1.270507
v 1.034179 2.222654 1.283203
v 1.241211 1.645506 1.154295
v 1.241211 1.645506 1.139647
v 1.286131 1.054687 0.963867
v 1.285155 1.055663 0.949707
v 1.298826 0.989745 2.525388
v 1.299802 0.988769 2.546874
v 1.282225 1.737302 -1.579100
v 0.985839 2.523436 -1.499999
v 1.086913 2.556638 -1.484375
v 1.158203 2.632809 -1.466795
v 0.000000 1.659178 -1.659178
v 0.000000 2.470702 -1.584959
v 1.185547 2.736326 -1.449217
v 1.285155 3.908200 -1.272459
v 1.185547 3.531247 -1.340819
v 1.158203 3.630857 -1.332031
v 1.086913 3.697262 -1.333983
v 0.985839 3.718746 -1.347655
v 0.000000 3.669918 -1.474609
v 0.000000 3.839840 -1.458983
v 1.288085 3.947262 -1.272459
v 0.000000 3.880856 -1.461913
v 1.326171 3.914058 -1.267577
v 1.326171 3.949214 -1.265625
v 1.286131 3.802731 0.916015
v 1.157225 3.384763 0.997069
v 1.157225 2.613279 1.203125
v 1.124999 3.494137 0.964843
v 1.038085 3.570308 0.930663
v 0.913573 3.601558 0.902343
v -0.000000 3.841792 0.726561
v -0.000000 3.628902 0.790039
v 1.284179 2.273436 1.304687
v 1.124023 2.505858 1.228515
v 1.035155 2.429686 1.240233
v 0.902831 2.406248 1.233397
v -0.000000 2.443358 1.159179
v 1.288085 1.642576 1.139647
v 1.286131 3.775386 0.868651
v 1.283203 3.810542 0.870117
v 1.286131 3.873042 -1.173827
v 1.290039 3.841792 0.914061
v -0.000000 3.880856 0.726561
v 1.327147 3.806636 0.920409
v 1.328125 3.841792 0.921875
v 1.327147 3.808590 0.877929
v 1.249999 3.876950 -1.180663
v 0.000000 3.818356 -1.374999
v 0.000000 3.816402 -1.444335
v 1.251953 3.878902 -1.263671
v -0.000000 3.818356 0.685545
v 1.251953 3.769528 0.888183
v -0.000000 3.816402 0.710937
v 1.249023 3.781246 0.865721
v 0.836425 2.289060 1.232421
v 0.902831 2.412108 1.210937
v 1.035155 2.435544 1.216795
v -0.000000 2.447263 1.135741
v -0.000000 2.318358 1.168945
v 1.252929 2.281248 1.279295
v 0.980957 2.197264 1.239257
v 1.176757 1.623044 1.097655
v 1.252929 1.619138 1.105467
v 1.252929 1.058593 0.860351
v 1.177733 1.061523 0.855957
v 1.124023 2.511716 1.205077
v 1.157225 2.619138 1.179687
v 1.157225 3.392575 0.974121
v 1.124999 3.499997 0.941893
v 1.038085 3.576169 0.908203
v 0.913573 3.607419 0.879881
v -0.000000 3.632808 0.767089
v -0.000000 2.230466 1.105467
v -0.000000 1.668944 0.969237
v -0.000000 1.098631 0.811523
v 0.985839 3.718746 -1.331053
v 1.086913 3.699215 -1.317381
v 1.158203 3.630857 -1.314453
v 0.000000 3.671872 -1.458007
v 1.185547 3.533201 -1.322265
v 1.253905 2.769529 -1.407225
v 1.185547 2.765623 -1.419921
v 1.262695 2.298826 0.798339
v 1.286131 2.298826 0.800781
v 1.291991 1.057617 0.741209
v 1.262695 1.059569 0.740233
v 0.985839 2.523436 -1.472655
v 0.000000 2.470702 -1.558593
v 0.000000 1.660154 -1.624023
v 1.255859 1.734374 -1.541991
v 1.086913 2.556638 -1.458007
v 1.158203 2.634763 -1.440429
v 1.185547 2.736326 -1.423827
v 1.252929 1.721678 -1.284179
v 1.288085 1.723630 -1.281249
v -1.282225 1.577146 -1.739257
v -1.086913 2.433592 -1.678709
v -0.985839 2.414060 -1.668945
v -1.158203 2.499998 -1.683593
v -1.185545 2.599607 -1.681639
v -1.185545 3.402341 -1.642577
v -1.285155 3.767575 -1.643553
v -1.158201 3.505857 -1.632811
v -1.086913 3.582028 -1.617187
v -0.985839 3.617185 -1.599609
v -1.288085 3.804684 -1.647459
v -1.326171 3.767575 -1.653319
v -1.326171 3.802731 -1.655273
v -1.286131 3.873042 0.544921
v -1.284179 2.388670 1.080077
v -1.157225 2.705076 0.978515
v -1.124023 2.597653 1.020507
v -1.035155 2.513670 1.059569
v -1.157225 3.457029 0.708495
v -0.902831 2.476560 1.083983
v -1.124999 3.560543 0.677733
v -1.038085 3.628902 0.666503
v -0.913573 3.650387 0.676757
v -1.240233 1.744138 0.983397
v -1.031249 2.314452 1.104491
v -1.288085 1.745116 0.976073
v -1.285155 1.142577 0.843261
v -1.283201 3.876950 0.499511
v -1.286131 3.839840 0.500487
v -1.286131 3.742185 -1.541991
v -1.290037 3.912106 0.538085
v -1.327147 3.878902 0.533691
v -1.328123 3.914058 0.531249
v -1.327147 3.878902 0.491455
v -1.249999 3.749996 -1.535155
v -1.251951 3.744136 -1.619139
v -1.251951 3.835934 0.533203
v -1.249023 3.845700 0.510741
v -0.836425 2.353514 1.104491
v -1.252929 2.390624 1.061523
v -1.035155 2.517576 1.036131
v -0.902831 2.482420 1.060545
v -0.980955 2.277342 1.086913
v -1.176757 1.711912 0.953613
v -1.252929 1.714842 0.949707
v -1.252929 1.133789 0.757811
v -1.177733 1.130859 0.761229
v -1.124023 2.601559 0.997557
v -1.157225 2.710936 0.955565
v -1.157225 3.460935 0.685057
v -1.124999 3.564451 0.654785
v -1.038085 3.632808 0.643553
v -0.913573 3.656246 0.653807
v -0.985839 3.619137 -1.583007
v -1.086913 3.583981 -1.600585
v -1.158201 3.507808 -1.615233
v -1.185545 3.404293 -1.624023
v -1.253905 2.624998 -1.660155
v -1.185545 2.630857 -1.655273
v -1.262695 2.363280 0.578125
v -1.286131 2.365232 0.575195
v -1.291991 1.124999 0.634765
v -1.262695 1.124999 0.636717
v -0.985839 2.416014 -1.642577
v -1.255859 1.583006 -1.697265
v -1.086913 2.437498 -1.652343
v -1.158203 2.503904 -1.657225
v -1.185545 2.601559 -1.656249
v -1.251953 1.594724 -1.438475
v -1.287109 1.591794 -1.440429
v 0.977539 1.104491 2.705076
v 1.243163 1.075195 2.644529
v 1.243163 1.349609 2.658201
v 0.977539 1.379881 2.714841
v -0.980955 1.286131 2.623044
v -0.980955 1.561523 2.615232
v -1.247069 1.589843 2.521482
v -1.247069 1.314453 2.535154
v -0.990233 2.146482 2.789059
v -0.992187 2.142576 2.810543
v -1.212889 1.847654 2.605466
v -0.869627 2.369138 1.152343
v -1.210937 1.854490 2.585936
v -1.221679 1.815428 2.582029
v -1.221679 1.815428 2.603513
v -1.034179 2.308592 1.122069
v -1.240233 1.745116 1.001953
v -1.285155 1.143553 0.861327
v -1.298827 1.231445 2.416014
v -1.298827 1.232421 2.439452
v 1.305663 1.654294 -0.087158
v 1.302733 1.619138 -0.127564
v 1.305663 1.678708 -0.184204
v 1.305663 1.609375 -0.032746
v 1.305663 1.518552 0.004852
v 1.304687 1.357421 -0.687987
v 1.305663 1.326171 0.061860
v 1.304687 1.526366 -0.983885
v 1.304687 1.128905 -0.547363
v 1.305663 1.735350 -1.325195
v 1.304687 1.131835 0.124206
v 1.304687 1.548826 -1.343749
v 1.304687 1.491208 -1.667966
v 1.305663 1.771482 -2.054686
v 1.304687 1.340819 -1.863280
v 1.304687 1.067381 -2.068358
v 1.304687 0.847655 -2.140624
v 1.304687 1.784178 -2.310544
v 1.302733 0.789549 -0.008300
v 1.302733 0.857909 -2.355466
v 1.307617 0.538574 -0.316406
v 1.241211 1.782224 -2.412108
v 1.306639 0.538573 -2.154294
v 1.304687 1.084959 0.179688
v 1.304687 0.550291 -2.371092
v 1.241209 0.854979 -2.451170
v 1.241209 0.542967 -2.466794
v 1.305663 1.045897 0.967773
v 1.302733 0.524413 0.065674
v 1.302733 0.752929 0.761717
v 1.304687 0.745605 0.035584
v 1.304687 0.576171 0.091614
v 1.304687 0.766601 0.051880
v 1.304687 0.554199 0.120484
v 1.304687 0.728515 0.703125
v 1.305663 0.495118 0.669922
v 1.304687 0.705077 0.717773
v 1.304687 0.526367 0.622558
v 1.304687 0.545897 0.652832
v 1.304687 0.761717 1.637695
v 1.305663 0.467774 1.497069
v 1.305663 1.007811 1.737302
v 1.304687 0.823729 1.733396
v 1.304687 0.844725 1.840818
v 1.305663 0.970703 2.529294
v 1.305663 0.842773 2.554686
v 1.305663 1.010741 2.576169
v 1.305663 0.825683 2.597653
v 1.305663 1.166991 2.628903
v 1.265625 0.851073 1.838866
v 1.265625 0.851073 2.552732
v 1.265625 0.829589 1.730466
v 1.265625 0.766601 1.633789
v 1.266601 0.471924 1.494139
v 1.327147 0.363282 1.448241
v 1.360351 0.367676 1.450195
v 1.359375 0.422608 0.387208
v 1.361327 0.456054 -0.279786
v -0.002946 1.134765 0.065856
v -0.002946 1.327147 -0.005848
v -0.002946 1.089843 0.125000
v -0.002946 1.515625 -0.072144
v 1.242187 1.045897 0.960449
v -0.002946 1.089843 0.910643
v -0.002946 1.604491 -0.113586
v -0.002946 1.645506 -0.169312
v -0.002946 1.665038 -0.266846
v -0.002946 1.665038 -1.409179
v -0.002946 1.665038 -2.140624
v -0.002946 1.665038 -2.396482
v 1.121093 1.767576 -2.421874
v -0.002946 1.667966 -2.490232
v 1.265625 1.527343 -0.985839
v 1.265625 1.549802 -1.346679
v 1.265625 1.358397 -0.688475
v 1.265625 1.491208 -1.671875
v 1.265625 1.128905 -0.546875
v 1.265625 1.338867 -1.868162
v 1.265625 0.545897 -0.318604
v 1.265625 1.065429 -2.072264
v 1.327147 0.449218 -0.279542
v 1.265625 0.844237 -2.144530
v 1.265625 0.535643 -2.156248
v 1.327147 0.418456 0.386230
v 1.265625 0.548827 -2.373044
v 1.215819 0.734863 0.701659
v 1.215819 0.770507 0.047028
v 1.215819 0.551757 0.117004
v 1.215819 0.526367 0.621094
v 1.215819 0.574705 0.086548
v 1.215819 0.746093 0.028656
v 1.215819 0.546874 0.652832
v 1.215819 0.708495 0.718261
v 1.120117 0.841307 -2.457030
v -0.002946 0.741209 -2.488280
v -0.002946 0.427489 -2.488280
v 1.120117 0.528807 -2.468748
v 1.242187 1.010741 1.733396
v 1.243163 0.975097 2.527342
v -1.311523 1.637694 -0.249756
v -1.311523 1.652342 -0.348876
v -1.308593 1.598631 -0.286132
v -1.311523 1.597654 -0.191284
v -1.311523 1.511717 -0.144898
v -1.310545 1.283203 -0.818359
v -1.311523 1.326171 -0.065064
v -1.310545 1.421875 -1.128905
v -1.310545 1.069335 -0.655762
v -1.311523 1.596678 -1.490233
v -1.310545 1.139647 0.016174
v -1.310545 1.409178 -1.489257
v -1.310545 1.319335 -1.806638
v -1.311523 1.560544 -2.218748
v -1.310545 1.150389 -1.986326
v -1.310545 0.858885 -2.162108
v -1.310545 0.632811 -2.212888
v -1.310544 1.547850 -2.474608
v -1.308593 0.784667 -0.085876
v -1.308593 0.622069 -2.427732
v -1.310545 1.097655 0.075988
v -1.247069 1.551756 -2.566403
v -1.312499 0.323486 -2.197264
v -1.313475 0.504882 -0.368164
v -1.310544 0.313964 -2.414060
v -1.247069 0.624999 -2.519530
v -1.247069 0.312744 -2.505858
v -1.311523 1.135741 0.859863
v -1.308593 0.528319 0.013802
v -1.308593 0.824217 0.683593
v -1.310545 0.745117 -0.037994
v -1.310545 0.582519 0.034424
v -1.310545 0.768065 -0.023864
v -1.310545 0.563475 0.065308
v -1.310545 0.794433 0.627929
v -1.311523 0.558594 0.617675
v -1.310545 0.772461 0.644531
v -1.310545 0.585449 0.567381
v -1.310545 0.607421 0.596191
v -1.310545 0.919433 1.554686
v -1.311523 0.613281 1.443359
v -1.311523 1.173827 1.628904
v -1.310545 0.990233 1.643552
v -1.310545 1.022461 1.748044
v -1.311523 1.215819 2.421874
v -1.311523 1.090819 2.458982
v -1.310545 1.259765 2.464842
v -1.309569 1.078125 2.503904
v -1.309569 1.420897 2.501952
v -1.272459 0.989745 1.643552
v -1.272459 1.021483 1.749998
v -1.271483 1.088867 2.460936
v -1.272459 0.917967 1.553708
v -1.271483 0.611327 1.442381
v -1.333007 0.507324 1.404294
v -1.366209 0.516602 1.404294
v -1.365233 0.460694 0.341064
v -1.367187 0.424316 -0.325684
v -1.248045 1.130859 0.863281
v -1.153319 1.562498 -2.558592
v -1.270507 1.415038 -1.487303
v -1.270507 1.426757 -1.125975
v -1.270507 1.326171 -1.805663
v -1.270507 1.287109 -0.813963
v -1.270507 1.156249 -1.986326
v -1.270507 1.072265 -0.651368
v -1.270507 0.863769 -2.164060
v -1.270507 0.513184 -0.368896
v -1.270507 0.637207 -2.214842
v -1.333007 0.418702 -0.323242
v -1.270507 0.328858 -2.197264
v -1.333007 0.455322 0.342042
v -1.272459 0.321534 -2.416014
v -1.221679 0.771483 -0.022492
v -1.221679 0.794921 0.632811
v -1.221679 0.580077 0.571289
v -1.221679 0.560057 0.066894
v -1.221679 0.603027 0.601073
v -1.221679 0.580077 0.034484
v -1.221679 0.770507 0.651855
v -1.221679 0.745605 -0.038604
v -1.153319 0.636229 -2.517576
v -1.153319 0.323730 -2.503904
v -1.248045 1.166991 1.632810
v -1.249023 1.205077 2.427732
v -0.804199 2.201170 2.937497
v 0.797851 2.042966 3.050779
v 0.803221 2.070310 2.984373
v 0.861815 2.035154 3.054685
v 0.867675 2.062498 2.990231
v -0.809081 2.226560 2.871091
v -0.866209 2.208982 2.931637
v -0.871581 2.232420 2.865231
v 0.824707 0.239258 2.806637
v 0.941893 0.289062 2.763669
v 0.928221 0.295898 2.832029
v 0.829101 0.251954 2.871091
v 1.045897 0.369628 2.714841
v 1.034179 0.376954 2.785153
v 1.283203 0.824217 2.683592
v 1.280273 1.166015 2.712888
v 1.294921 1.237303 2.644529
v 1.252929 1.231445 2.734373
v 1.282225 1.303709 2.662107
v 1.256835 1.292967 2.744137
v 1.202147 1.627929 2.832029
v 1.224609 1.642577 2.753903
v 0.994627 1.933592 2.988279
v 1.012695 1.952146 2.917965
v 0.926269 2.001952 3.027341
v 0.940429 2.023436 2.960935
v 1.206053 1.329101 2.792965
v 1.243163 1.288085 2.759763
v 1.218749 1.281249 2.748043
v 1.186523 1.316405 2.775387
v 1.145507 1.337889 2.804685
v 1.206053 1.359375 2.796873
v 1.150389 1.355467 2.830076
v 1.097655 1.346679 2.833981
v 1.133789 1.388671 2.843747
v 1.097655 1.357421 2.861326
v 1.051757 1.331053 2.857419
v 1.010741 1.370117 2.910153
v 1.041015 1.348631 2.892575
v 1.017577 1.301757 2.873043
v 1.001953 1.310545 2.908201
v 0.995605 1.260741 2.880857
v 0.913085 1.314453 2.949215
v 0.841795 1.306639 2.980465
v 0.955077 1.296875 2.931637
v 0.976073 1.267577 2.919919
v 0.971191 1.213867 2.917965
v 0.991211 1.213867 2.878903
v 0.948241 1.144531 2.919919
v 0.912597 1.083007 2.927731
v 0.836913 1.090819 2.958981
v 0.989745 1.163085 2.902341
v 1.007811 1.167967 2.865231
v 1.072265 1.040037 2.839841
v 1.026367 1.124023 2.873043
v 1.041991 1.130859 2.841793
v 0.992187 1.095703 2.888669
v 1.075195 1.091795 2.843747
v 1.080077 1.107421 2.814451
v 1.140625 1.036131 2.794919
v 1.129881 1.078123 2.806637
v 1.127929 1.097655 2.785153
v 1.218749 1.068359 2.749997
v 1.180663 1.100585 2.775387
v 1.173827 1.113281 2.757809
v 1.233397 1.127929 2.748043
v 1.208983 1.143553 2.738279
v 1.232421 1.185545 2.726559
v 1.251953 1.167967 2.738279
v -0.769531 0.385254 2.789059
v 0.763183 0.246460 2.804685
v 0.767577 0.259034 2.871091
v -0.773925 0.402100 2.853513
v -0.828613 0.392334 2.789059
v -0.833495 0.409668 2.853513
v 1.236327 1.299803 2.517576
v 1.249999 1.194335 2.513670
v 1.154295 1.367187 2.515624
v 1.185545 1.114257 2.505858
v 1.046875 1.362303 2.509763
v 1.083007 1.106445 2.501952
v 0.996093 1.176757 2.499998
v 0.982421 1.282225 2.503904
v 0.938475 0.313964 2.767576
v 0.823729 0.264892 2.810543
v 1.040039 0.392334 2.720701
v 1.264647 0.831541 2.609373
v -0.768553 0.410888 2.792965
v 0.762695 0.271972 2.808591
v -0.827635 0.417968 2.791013
v 1.243163 1.174803 2.628903
v 1.219725 1.312499 2.662107
v 1.243163 1.016601 2.576169
v 1.162109 1.651366 2.751951
v 0.947753 1.961912 2.916013
v 0.874511 2.033202 2.957029
v -0.815429 2.197264 2.839841
v -0.878417 2.203124 2.832029
v 0.809569 2.041014 2.953123
v 0.779295 1.314453 2.978513
v 0.774901 1.097655 2.957029
v -0.785643 1.463867 2.906247
v -0.781250 1.246093 2.896481
v -0.846191 1.471679 2.904293
v -0.841307 1.253905 2.894529
v -0.930663 2.189452 2.894529
v -0.932617 0.475586 2.808591
v -0.917479 1.496093 2.861326
v -0.917479 1.262695 2.855465
v -1.076171 1.254881 2.751951
v -1.038085 0.579590 2.749997
v -1.287109 1.079101 2.591794
v -1.014647 1.572265 2.806637
v -0.999023 2.136716 2.847653
v -0.952635 1.333983 2.839841
v -1.137695 1.618163 2.720701
v -1.206053 1.873044 2.675779
v -0.996581 1.292967 2.806637
v -1.209959 1.602539 2.664059
v -1.261717 1.544921 2.611326
v -0.959959 1.487303 2.839841
v -1.154295 1.587889 2.707029
v -1.145507 1.263671 2.701169
v -1.210937 1.573241 2.664059
v -1.102537 1.579101 2.746091
v -1.247069 1.538085 2.628903
v -1.257811 1.482421 2.607419
v -1.222655 1.524413 2.621092
v -1.191405 1.553709 2.650388
v -1.150389 1.567381 2.683592
v -1.101561 1.566405 2.718747
v -1.055663 1.540039 2.749997
v -1.045897 1.558593 2.787107
v -1.021483 1.503905 2.773435
v -1.006835 1.511717 2.810543
v -0.999999 1.458007 2.785153
v -0.980467 1.462889 2.828123
v -0.975585 1.408203 2.828123
v -0.995605 1.410155 2.787107
v -0.994627 1.360351 2.814451
v -1.011717 1.368163 2.775387
v -1.031249 1.329101 2.785153
v -1.046873 1.336913 2.751951
v -1.079101 1.306639 2.751951
v -1.084959 1.321289 2.720701
v -1.134765 1.304687 2.708982
v -1.132811 1.321289 2.685543
v -1.185545 1.336913 2.669919
v -1.177733 1.346679 2.652342
v -1.223631 1.312499 2.642576
v -1.285155 1.420897 2.589842
v -1.238281 1.374999 2.632809
v -1.213867 1.382811 2.624998
v -1.236327 1.430663 2.607419
v -1.256835 1.418945 2.617186
v -1.248045 1.250975 2.470702
v -0.946289 0.467774 2.738279
v -1.049803 0.569824 2.679686
v -1.299803 1.489257 2.511716
v -1.287109 1.554687 2.523436
v -1.229491 1.885740 2.593748
v -1.017577 2.154294 2.771482
v -0.944823 2.210936 2.822263
v -0.943847 0.491944 2.742186
v -1.045897 0.591796 2.685543
v -1.269531 1.075195 2.519530
v -1.247069 1.413085 2.509763
v -1.224609 1.546875 2.531248
v -1.166015 1.878904 2.601559
v -0.952635 2.148436 2.781247
v -1.254881 1.423827 2.390624
v -1.241209 1.526367 2.388670
v -1.190429 1.328125 2.400388
v -1.159179 1.574217 2.392576
v -1.087889 1.296875 2.408202
v -1.050781 1.544921 2.402342
v -1.000975 1.347655 2.412108
v -0.986815 1.450195 2.410154
v -0.274902 1.597654 0.955077
v -0.274902 1.593748 -0.149536
v -0.279540 1.559569 -0.135620
v -0.254394 1.612302 0.959471
v -0.254150 1.608396 -0.156006
v -0.279540 1.564453 0.946777
v -0.280518 1.099609 0.834471
v -0.280518 1.093749 0.075074
v -0.054992 1.607420 0.967773
v -0.054992 1.608396 -0.147706
v 0.165040 1.587888 0.970703
v 0.169556 1.554686 0.962889
v 0.169556 1.560544 -0.119446
v 0.170532 1.090819 0.845703
v 0.170532 1.092773 0.086486
v 0.164794 1.594724 -0.133544
v 0.144410 1.603514 0.973631
v 0.144288 1.609375 -0.141724
v -0.001746 0.432862 -2.179686
v -0.837401 0.372070 -2.191404
v 0.833983 0.493163 -2.167966
#finCoordonnee
